node	Africa	Albania	EastEurope	Greece	WestEurope
ROOT	0.9462054466377042	0.0019142742715016286	0.011256165797407233	0.013434856612985015	0.027189256680401872
node_1	0.9497450729621073	0.00018867741670758483	0.00048818236055906636	0.001324183303131325	0.04825388395749479
node_2	0.9752818930521312	0.00048506476303705997	0.015213913144468159	0.0034043477773810613	0.0056147812629824085
node_3	0.9473989345272481	0.0002801019197914036	0.0005949760547048478	0.001965821926394849	0.04976016557186095
node_4	0.9384942099527859	0.0002164578877048098	0.00043984526187224396	0.00151915289715353	0.05933033400048369
00CZAY4286	0.0	0.0	1.0	0.0	0.0
node_5	0.9999517018762923	9.117741186968884e-07	3.0195194146220156e-05	6.458698485629717e-06	1.0732456957024559e-05
97CDAF6238	1.0	0.0	0.0	0.0	0.0
94CYAF6237	0.0	0.0	0.0	0.0	1.0
97CDAF6240	1.0	0.0	0.0	0.0	0.0
node_6	0.11580270419071156	0.0008690834925013351	0.001256417485559364	0.006099432769278667	0.8759723620619492
node_7	0.9999707744265345	4.3606249073508106e-07	1.4550373727843087e-05	4.254532408240721e-06	9.984604838720525e-06
node_8	0.9999969332496284	7.594691058417581e-08	9.59321350389351e-07	5.379311290602472e-07	1.4935509817154025e-06
03ESAY2109	0.0	0.0	0.0	0.0	1.0
03ESAY2098	0.0	0.0	0.0	0.0	1.0
85UGM62320	1.0	0.0	0.0	0.0	0.0
node_9	0.999890315931869	5.388537359819818e-07	5.3105485928801416e-05	1.1354241839478682e-05	4.468548662680954e-05
node_10	0.9976686239590565	2.627122782721685e-05	3.76046979691896e-05	0.00018437828966675558	0.0020831218254802135
node_11	0.9999985888942019	6.442393405100852e-08	1.0709375472983664e-07	6.039785288708251e-07	6.356095805288285e-07
node_12	0.9999581673319147	1.1418829910467552e-06	2.1657221372500607e-06	8.09154405849884e-06	3.043351889859744e-05
node_13	0.999890315931869	5.388537359819818e-07	5.3105485928801416e-05	1.1354241839478682e-05	4.468548662680954e-05
99SEAY5206	0.0	0.0	0.0	0.0	1.0
node_14	0.9999995005008018	7.008435870725898e-09	1.0024856007417571e-08	4.918697973806733e-08	4.3327892664688244e-07
node_15	0.999912287724821	6.681487240760245e-07	9.541906165267653e-07	4.862661398238826e-05	3.746332185603765e-05
node_16	0.9999611297876451	2.2480004776513783e-06	3.2094904692856458e-06	1.578623672602506e-05	1.762648468187926e-05
00GAAJ3391	1.0	0.0	0.0	0.0	0.0
node_17	0.9999037767494788	1.2098322273645917e-06	1.8813260443356871e-06	8.513246752112942e-06	8.461884549724148e-05
node_18	0.9952321286079558	3.661982951740622e-05	0.00015955827539846417	0.0009074208056158271	0.003664272481512493
node_19	0.0008713794374641977	1.9257114733927185e-05	0.9988232506815325	0.00013515735212293084	0.00015095541414640424
99SDAY2494	1.0	0.0	0.0	0.0	0.0
node_20	0.9999995005008018	7.008435870725898e-09	1.0024856007417571e-08	4.918697973806733e-08	4.3327892664688244e-07
node_21	0.99766396819779	1.7049945397233296e-05	2.433588871913937e-05	0.0012973344542788782	0.0009973115138146868
node_22	0.9999903926019716	3.6576529849264904e-07	5.220798980085845e-07	4.462619679547973e-06	4.256933152181248e-06
00KEAF7081	1.0	0.0	0.0	0.0	0.0
node_23	0.999999956383503	1.5609979046356068e-09	2.2280326786357374e-09	1.0974749705407732e-08	2.8852716614705348e-08
98CMAJ6934	1.0	0.0	0.0	0.0	0.0
node_24	0.9980952273176483	2.1432208187457746e-05	3.072249713360319e-05	0.00015043543253968843	0.001702182544491008
node_25	0.0952033529253017	0.00204800357129611	0.039955242522172266	0.40726832523296014	0.4555250757482697
node_26	0.9924025526401568	9.567980068903323e-05	0.0002045104772282306	0.001083407686162813	0.006213849395763324
00CZAY4248	0.0	0.0	1.0	0.0	0.0
node_27	2.0995315190343324e-06	7.940249301921535e-08	0.9999966414091987	5.572856496075267e-07	6.22371139487234e-07
90UGAF7846	1.0	0.0	0.0	0.0	0.0
node_28	0.9999988433279149	6.61702974386926e-08	9.44453019152474e-08	4.6439874068314757e-07	5.31657745005503e-07
99ESAY7467	0.0	0.0	0.0	0.0	1.0
node_29	0.9844951261950071	0.00012134269075137623	0.00017319266371971736	0.013329476666370303	0.0018808617841513295
97CMAJ6931	1.0	0.0	0.0	0.0	0.0
node_30	0.9999540102041	2.6210138292446804e-06	3.7409756808827516e-06	1.879384741076606e-05	2.0833958979055415e-05
98SDAY2482	1.0	0.0	0.0	0.0	0.0
node_31	0.999999956383503	1.5609979046356068e-09	2.2280326786357374e-09	1.0974749705407732e-08	2.8852716614705348e-08
00GAAJ3398	1.0	0.0	0.0	0.0	0.0
03ESAY2099	0.0	0.0	0.0	0.0	1.0
node_32	0.0065387873829433184	0.00022477639248240678	0.0028136369003536436	0.27342461449872224	0.7169981848254985
node_33	0.03832913097304396	0.002231888782842709	0.1094145434145364	0.6656538383113298	0.18437059851824716
00SEAY5240	0.0	0.0	0.0	0.0	1.0
node_34	0.99985286946198	4.353937468384546e-06	7.036095468694925e-06	3.553838377685798e-05	0.00010020212130609348
node_35	2.325734123598721e-09	1.4130892209779893e-09	0.9999999752691497	9.917395229327466e-09	1.1074631665437734e-08
node_36	2.3905050292019083e-09	1.1488246452209899e-09	0.9999999791699378	8.28716915652813e-09	9.003563384564916e-09
99UGAF4478	1.0	0.0	0.0	0.0	0.0
node_37	0.9999982937729233	7.93777131058193e-08	1.132957485439424e-07	5.570914928279154e-07	9.56462122265425e-07
node_38	0.19603667157059707	0.0021529577469295335	0.003072914784218659	0.781682206933895	0.017055248964359754
node_39	0.9865249592878889	0.00016096929429108413	0.00022975139330210485	0.009131472970094272	0.003952847054423619
97CMAJ6930	1.0	0.0	0.0	0.0	0.0
92UGAB8332	1.0	0.0	0.0	0.0	0.0
node_40	0.9999636494812544	1.620961088678059e-07	2.3135963599324616e-07	1.13762961184597e-06	3.481943338898975e-05
node_41	0.9999984570931327	2.564741451981904e-08	3.660650367495643e-08	2.224523756673049e-07	1.2582005734633123e-06
node_42	0.0065387873829433184	0.00022477639248240678	0.0028136369003536436	0.27342461449872224	0.7169981848254985
node_43	0.0003703404612324277	5.0867740429625353e-05	0.0001908309149474394	0.013249975686466502	0.9861379851969241
02GRAY0270	0.0	0.0	0.0	1.0	0.0
97YUAF9960	0.0	0.0	1.0	0.0	0.0
98CMAJ6932	1.0	0.0	0.0	0.0	0.0
node_44	0.9999464160800046	2.4515129989045805e-06	3.6272477819883098e-06	1.7982497646886768e-05	2.9522661567763153e-05
00CZAY4362	0.0	0.0	1.0	0.0	0.0
node_45	2.325734123598721e-09	1.4130892209779893e-09	0.9999999752691497	9.917395229327466e-09	1.1074631665437734e-08
00UAAF3968	0.0	0.0	1.0	0.0	0.0
node_46	2.3905050292019083e-09	1.1488246452209899e-09	0.9999999791699378	8.28716915652813e-09	9.003563384564916e-09
00KEAF7083	1.0	0.0	0.0	0.0	0.0
node_47	0.9999854706430987	3.528513465878695e-07	5.036244209081653e-07	2.4763938857707566e-06	1.1196487248036312e-05
02GRAY0300	0.0	0.0	0.0	1.0	0.0
02GRAY0299	0.0	0.0	0.0	1.0	0.0
node_48	0.3253671728799211	0.00566012149492273	0.008078686497095668	0.35753381138950424	0.30336020773855626
node_49	0.9995455723103086	5.575158211914743e-06	7.957419813478062e-06	0.00022043955089654286	0.00022045556076950406
node_50	0.9825398705668338	5.052158994554757e-05	7.210942130900648e-05	0.00035457242221369233	0.016982925999697883
node_51	0.9999974258102853	3.622997416157965e-08	5.1711010563832e-08	2.5427050479252753e-07	2.23197822510361e-06
node_52	0.9998356526343801	1.968183060613072e-07	2.8091859530305927e-07	1.3834527415677752e-06	0.00016248617597710918
node_53	0.999950873979192	3.400153398173353e-08	4.8497525724253086e-08	4.849979988878615e-05	5.437218595462856e-07
03ESAY2111	0.0	0.0	0.0	0.0	1.0
00GRAF5753	0.0	0.0	0.0	1.0	0.0
98FRAJ0552	0.0	0.0	0.0	0.0	1.0
97FRAJ0558	0.0	0.0	0.0	0.0	1.0
98CMAJ6933	1.0	0.0	0.0	0.0	0.0
96CMAJ6134	1.0	0.0	0.0	0.0	0.0
00CZAY4336	0.0	0.0	1.0	0.0	0.0
00CZAY4296	0.0	0.0	1.0	0.0	0.0
97BYAF3275	0.0	0.0	1.0	0.0	0.0
node_54	3.11967898444248e-07	2.0827905599810103e-07	0.9999829254726204	1.4921961650235976e-05	1.6323187748470784e-06
00KEAF7079	1.0	0.0	0.0	0.0	0.0
node_55	0.9990535599280869	1.820933501061536e-05	2.5990167995279322e-05	0.0001277974034112601	0.0007744431654957508
99ESAY7468	0.0	0.0	0.0	0.0	1.0
02GRAY0303	0.0	0.0	0.0	1.0	0.0
node_56	0.9999800345643286	6.472924821303862e-07	9.238800289690586e-07	8.987855569871638e-06	9.406407590304823e-06
node_57	0.9981737816631397	5.535404264850841e-05	7.900677796557298e-05	0.0005389682282650553	0.0011528892879811574
98UGAF4507	1.0	0.0	0.0	0.0	0.0
node_58	0.18048200774154968	0.00045249152856769316	0.0006458407644558981	0.003175692159253861	0.8152439678061728
95SEAF7771	0.0	0.0	0.0	0.0	1.0
node_59	0.9999974258102853	3.622997416157965e-08	5.1711010563832e-08	2.5427050479252753e-07	2.23197822510361e-06
node_60	0.37066244415922617	0.001856716662206271	0.002650090074155825	0.013030875782659436	0.6117998733217523
node_61	0.9998356526343801	1.968183060613072e-07	2.8091859530305927e-07	1.3834527415677752e-06	0.00016248617597710918
node_62	0.999950873979192	3.400153398173353e-08	4.8497525724253086e-08	4.849979988878615e-05	5.437218595462856e-07
node_63	0.9335341414514939	3.407556790885736e-05	4.850685658425277e-05	0.06503534896552324	0.0013479271584897097
02SIAJ1139	0.0	0.0	1.0	0.0	0.0
node_64	1.2303069529568173e-05	8.213947947541228e-06	0.998994400818588	0.0009207080415081891	6.437412242663462e-05
95SEAF9673	0.0	0.0	0.0	0.0	1.0
node_65	0.9996236844187687	1.3739536719280554e-05	1.9610428787983266e-05	9.642730587218353e-05	0.0002465383098518274
96SNAY1630	1.0	0.0	0.0	0.0	0.0
01SNAY1629	1.0	0.0	0.0	0.0	0.0
01SNAY1631	1.0	0.0	0.0	0.0	0.0
99DEAF7536	0.0	0.0	0.0	0.0	1.0
94SEAF9670	0.0	0.0	0.0	0.0	1.0
node_66	0.08099761227065974	0.0005112256461800193	0.0007296719193471822	0.003587902034962127	0.9141735881288509
node_67	0.9999991499407883	4.890624610625943e-08	6.980384245407342e-08	3.43235558013411e-07	3.881135649205725e-07
node_68	0.9999938732004878	3.5128088642425344e-07	5.013829031125186e-07	2.465372026603192e-06	2.808763695985508e-06
94SEAF9671	0.0	0.0	0.0	0.0	1.0
99BEAF8999	0.0	0.0	0.0	0.0	1.0
node_69	0.9999975255566795	4.135750345363839e-08	5.9029528627599316e-08	2.9028005162279935e-07	2.0837762367804393e-06
node_70	0.9839230472319002	0.0001755864573594125	0.0002506143975947038	0.0012323083905749189	0.014418443522570757
01TZAY3305	1.0	0.0	0.0	0.0	0.0
node_71	0.9998911451593993	1.31600254731624e-06	1.8783174390390155e-06	9.524672220164456e-05	1.04137984127568e-05
00KEAF7086	1.0	0.0	0.0	0.0	0.0
node_72	0.9335341414514939	3.407556790885736e-05	4.850685658425277e-05	0.06503534896552324	0.0013479271584897097
03RUAY0393	0.0	0.0	1.0	0.0	0.0
02GRAY0302	0.0	0.0	0.0	1.0	0.0
98UGAF4508	1.0	0.0	0.0	0.0	0.0
98UGAF4509	1.0	0.0	0.0	0.0	0.0
00ITAY0121	0.0	0.0	0.0	0.0	1.0
node_73	8.929616679657545e-05	3.5556501726395092e-06	5.074976393268166e-06	2.4954390659411774e-05	0.9998771188159781
node_74	0.999937605373689	3.610205739176766e-06	5.152843505850876e-06	2.533727447917695e-05	2.82943025868719e-05
node_75	0.9999991499407883	4.890624610625943e-08	6.980384245407342e-08	3.43235558013411e-07	3.881135649205725e-07
99KEAF7063	1.0	0.0	0.0	0.0	0.0
00KEAF7055	1.0	0.0	0.0	0.0	0.0
node_76	0.9999767349131187	1.3353199690777988e-06	1.9059010283603536e-06	9.371592641220423e-06	1.0652273242713778e-05
node_77	0.9999924969956794	4.318159547975763e-07	6.163305360285583e-07	3.0305866587911537e-06	3.4242711707538104e-06
01TZAY3314	1.0	0.0	0.0	0.0	0.0
00SEAY5249	0.0	0.0	0.0	0.0	1.0
01TZAY3306	1.0	0.0	0.0	0.0	0.0
node_78	0.9972002782195023	4.679977690088232e-05	6.679727028531798e-05	0.0023192581125157253	0.00036686662079573625
node_79	0.7002584867167626	0.0023086407020570052	0.0032950244418819058	0.1776187532102033	0.11651909492909518
node_80	0.0008838051875479942	1.0266498204884382e-05	3.830450533002751e-06	0.9990800458387766	2.2052024937389483e-05
98ITAF5286	0.0	0.0	0.0	0.0	1.0
98ITAF5285	0.0	0.0	0.0	0.0	1.0
92UGU51190	1.0	0.0	0.0	0.0	0.0
99UGAF4493	1.0	0.0	0.0	0.0	0.0
00KEAF7089	1.0	0.0	0.0	0.0	0.0
91UGAF7368	1.0	0.0	0.0	0.0	0.0
00KEAF7068	1.0	0.0	0.0	0.0	0.0
97TZAF1872	1.0	0.0	0.0	0.0	0.0
00KEAF7084	1.0	0.0	0.0	0.0	0.0
node_81	0.9999995826319819	2.4144878961538672e-08	3.446196470367592e-08	1.694549131702572e-07	1.8930626119999058e-07
99KEAF7065	1.0	0.0	0.0	0.0	0.0
02GRAY0287	0.0	0.0	0.0	1.0	0.0
95SEAF9669	0.0	0.0	0.0	0.0	1.0
02GRAY0290	0.0	0.0	0.0	1.0	0.0
node_82	0.0008838051875479942	1.0266498204884382e-05	3.830450533002751e-06	0.9990800458387766	2.2052024937389483e-05
node_83	1.586108428775251e-05	5.5443712473326746e-05	4.857020276790952e-07	0.9999255247679095	2.6847333018840782e-06
node_84	0.999982775348847	9.966399191239766e-07	1.422503288164606e-06	6.994653863380745e-06	7.810854082229751e-06
node_85	0.9999991722459962	4.7889448400154104e-08	6.835256797408583e-08	3.361933769067083e-07	3.75318610438568e-07
02GRAY0283	0.0	0.0	0.0	1.0	0.0
node_86	0.00038599397638602607	1.3619706557936868e-05	1.4883124044148432e-05	0.9995033521536162	8.215103939572e-05
node_87	8.24539825545266e-06	1.0549753303418288e-05	6.211853933570551e-06	0.9999408822592378	3.411073526964951e-05
node_88	1.586108428775251e-05	5.5443712473326746e-05	4.857020276790952e-07	0.9999255247679095	2.6847333018840782e-06
00KEAF7070	1.0	0.0	0.0	0.0	0.0
00KEAF7053	1.0	0.0	0.0	0.0	0.0
node_89	0.9999987918064029	6.496953106294836e-08	9.273095507632468e-08	5.413157232920883e-07	5.091773873886736e-07
node_90	0.9999705633299094	1.7032421652341106e-06	2.431036058354727e-06	1.1953789864358212e-05	1.3348602002749865e-05
02GRAY0291	0.0	0.0	0.0	1.0	0.0
00GRAY6884	0.0	0.0	0.0	1.0	0.0
02GRAY0295	0.0	0.0	0.0	1.0	0.0
node_91	6.064848870211064e-06	5.274777628530091e-06	5.379540965771941e-06	0.9999537417678639	2.953906467161364e-05
node_92	6.016067383210861e-07	1.0712216079739237e-06	3.552535701428213e-07	0.9999960209873837	1.9509306998303522e-06
node_93	5.705547122784181e-17	0.9999999999999932	5.4278851783527407e-17	6.424325795137209e-15	2.9804043335183037e-16
node_94	0.9999897061175315	2.2872755158060556e-07	3.2646263507410236e-07	7.94611513103854e-06	1.7925771507521165e-06
node_95	0.9999792654676313	1.1992245184843183e-06	1.7116521103138441e-06	8.425126985705412e-06	9.398528754244162e-06
00KEAF7077	1.0	0.0	0.0	0.0	0.0
93RWAY3406	1.0	0.0	0.0	0.0	0.0
node_96	8.195538244702217e-05	5.478533071496145e-05	7.807385300563947e-05	0.999356488857633	0.0004286965761994258
node_97	5.076434408612445e-05	3.459541230582079e-05	4.814462779120889e-05	0.9996021374887399	0.00026435812707697483
node_98	6.016067383210861e-07	1.0712216079739237e-06	3.552535701428213e-07	0.9999960209873837	1.9509306998303522e-06
node_99	1.4000620637359646e-09	1.590963845303343e-08	1.3199041111599776e-09	0.9999999741229026	7.24749281152047e-09
node_100	0.0	1.0	0.0	0.0	0.0
node_101	5.705547122784181e-17	0.9999999999999932	5.4278851783527407e-17	6.424325795137209e-15	2.9804043335183037e-16
node_102	0.9945661378511949	9.128961228860541e-05	0.00013029758407626045	0.004496822563981636	0.0007154523884585243
node_103	0.9999846207646044	5.067732938378563e-07	7.23317080728622e-07	1.0177475579089228e-05	3.9716694418336626e-06
98UGAF4512	1.0	0.0	0.0	0.0	0.0
node_104	0.99980375439825	1.1354964034110519e-05	1.620693027197911e-05	7.969290185946841e-05	8.899080558456912e-05
02GRAY0282	0.0	0.0	0.0	1.0	0.0
02GRAY0281	0.0	0.0	0.0	1.0	0.0
02GRAY0294	0.0	0.0	0.0	1.0	0.0
02GRAY0272	0.0	0.0	0.0	1.0	0.0
02GRAY0297	0.0	0.0	0.0	1.0	0.0
node_105	1.7073179611939997e-05	1.1407368311934419e-05	1.6266421454590492e-05	0.9998659355608135	8.931746980804219e-05
02GRAY0275	0.0	0.0	0.0	1.0	0.0
node_106	1.4000620637359646e-09	1.590963845303343e-08	1.3199041111599776e-09	0.9999999741229026	7.24749281152047e-09
node_107	2.2320798494466773e-08	0.9999997350322506	2.1269791829024114e-08	1.0458663320067121e-07	1.167905258871394e-07
node_108	0.0	1.0	0.0	0.0	0.0
node_109	5.705547122784181e-17	0.9999999999999932	5.4278851783527407e-17	6.424325795137209e-15	2.9804043335183037e-16
node_110	5.70554712278417e-17	0.9999999999999932	5.42788517835273e-17	6.424325795137196e-15	2.980404333518298e-16
00KEAF7067	1.0	0.0	0.0	0.0	0.0
02GRAY0301	0.0	0.0	0.0	1.0	0.0
99KEAF7075	1.0	0.0	0.0	0.0	0.0
node_111	0.9995501943615128	7.99108626787205e-06	1.1405670467270417e-05	0.00036778136462936936	6.262751712267463e-05
00KEAF7066	1.0	0.0	0.0	0.0	0.0
00KEAF7052	1.0	0.0	0.0	0.0	0.0
02GRAY0274	0.0	0.0	0.0	1.0	0.0
02GRAY0273	0.0	0.0	0.0	1.0	0.0
node_112	1.930626781566444e-06	0.0002548811028018579	1.8397193589852415e-06	0.9997312468164862	1.0101734571562545e-05
node_113	1.4000620637359646e-09	1.590963845303343e-08	1.3199041111599776e-09	0.9999999741229026	7.24749281152047e-09
01ALAY1690	0.0	1.0	0.0	0.0	0.0
node_114	2.4113897551270893e-08	0.9999997137465684	2.2978460256656648e-08	1.1298840222308907e-07	1.261726715063385e-07
01ALAY1656	0.0	1.0	0.0	0.0	0.0
02ALAY1658	0.0	1.0	0.0	0.0	0.0
node_115	3.244416386324931e-13	0.9999999999961486	3.0916484085867487e-13	1.520208099969752e-12	1.6975965086986499e-12
node_116	5.705547122784181e-17	0.9999999999999932	5.4278851783527407e-17	6.424325795137209e-15	2.9804043335183037e-16
node_117	3.844582512926465e-08	0.999999543613829	3.66355485623524e-08	1.8014227458235997e-07	2.0116252275315676e-07
node_118	9.369461355756486e-09	0.9999998887761524	8.92828689065147e-09	4.390167398108496e-08	4.902442532641751e-08
00KEAF7080	1.0	0.0	0.0	0.0	0.0
node_119	0.9926570526140783	9.852270947596398e-05	0.00014062137738937106	0.006331663884233021	0.0007721394148234187
node_120	5.807056366366534e-06	5.3524244244204456e-05	5.533622610217582e-06	0.999904750449609	3.0384627170256324e-05
node_121	8.470396568624567e-05	0.01811022493191035	8.071555784608988e-05	0.9812811536305982	0.0004432019139591512
node_122	5.323409896883552e-05	3.5541507985071675e-05	5.0727494836324366e-05	0.9995819567579719	0.00027854014023785803
node_123	7.787530165352417e-07	5.204766929921046e-07	7.420837917113714e-07	0.9999938839707236	4.074715775152169e-06
00ALAY1713	0.0	1.0	0.0	0.0	0.0
01ALAY1691	0.0	1.0	0.0	0.0	0.0
03ALAY1707	0.0	1.0	0.0	0.0	0.0
node_124	3.244416386324931e-13	0.9999999999961486	3.0916484085867487e-13	1.520208099969752e-12	1.6975965086986499e-12
node_125	0.0	1.0	0.0	0.0	0.0
node_126	1.473409682399163e-08	0.9999998250931534	1.4040320838551781e-08	6.903828199153883e-08	7.709414683227108e-08
01ALAY1689	0.0	1.0	0.0	0.0	0.0
03ALAY1703	0.0	1.0	0.0	0.0	0.0
03ALAY1706	0.0	1.0	0.0	0.0	0.0
node_127	9.491688907236649e-09	0.9999998873252026	9.044759183361097e-09	4.4474385020022104e-08	4.966396427565518e-08
00KEAF7069	1.0	0.0	0.0	0.0	0.0
02GRAY0314	0.0	0.0	0.0	1.0	0.0
02GRAY0298	0.0	0.0	0.0	1.0	0.0
node_128	1.0604295783157141e-05	1.8984720402501094e-05	1.0104977324180042e-05	0.9999048204791632	5.548552732704815e-05
02GRAY0280	0.0	0.0	0.0	1.0	0.0
node_129	0.0	1.0	0.0	0.0	0.0
02GRAY0289	0.0	0.0	0.0	1.0	0.0
02GRAY0288	0.0	0.0	0.0	1.0	0.0
node_130	2.307682739775763e-05	1.5406928316007887e-05	2.1990221983155457e-05	0.9998187796788299	0.00012074634347311121
node_131	1.450364154380852e-06	9.683464221725005e-07	1.3820716552493503e-06	0.9999886103858356	7.588831932565207e-06
01ALAY1692	0.0	1.0	0.0	0.0	0.0
node_132	3.244416386324931e-13	0.9999999999961486	3.0916484085867487e-13	1.520208099969752e-12	1.6975965086986499e-12
00ALAY1714	0.0	1.0	0.0	0.0	0.0
02ALAY1696	0.0	1.0	0.0	0.0	0.0
97ALAY1664	0.0	1.0	0.0	0.0	0.0
node_133	2.2928824817418877e-10	0.9999999972781444	2.1849188364455593e-10	1.0743560950567217e-09	1.1997194047803782e-09
03ALAY1662	0.0	1.0	0.0	0.0	0.0
03ALAY1663	0.0	1.0	0.0	0.0	0.0
02GRAY0277	0.0	0.0	0.0	1.0	0.0
node_134	5.6464878711654255e-05	3.807063798435411e-05	5.3806149278641375e-05	0.9995562135774086	0.00029544475661672827
01ALAY1715	0.0	1.0	0.0	0.0	0.0
node_135	0.0	0.0	0.0	1.0	0.0
02GRAY0285	0.0	0.0	0.0	1.0	0.0
02GRAY0284	0.0	0.0	0.0	1.0	0.0
node_136	3.110316025623665e-05	2.0765533106482196e-05	2.9638623545793856e-05	0.9997557496502348	0.00016274303285661692
node_137	1.023671801977521e-05	6.834391948146251e-06	9.754707527012655e-06	0.999919611955328	5.35622271770752e-05
node_138	0.0	1.0	0.0	0.0	0.0
node_139	4.731603696015592e-13	0.9999999999943833	4.508809380481661e-13	2.2170465824903044e-12	2.475746932100938e-12
03ALAY1704	0.0	1.0	0.0	0.0	0.0
node_140	2.2928824817418877e-10	0.9999999972781444	2.1849188364455593e-10	1.0743560950567217e-09	1.1997194047803782e-09
02GRAY0279	0.0	0.0	0.0	1.0	0.0
02GRAY0278	0.0	0.0	0.0	1.0	0.0
02GRAY0293	0.0	0.0	0.0	1.0	0.0
02GRAY0292	0.0	0.0	0.0	1.0	0.0
02GRAY0271	0.0	0.0	0.0	1.0	0.0
02GRAY0276	0.0	0.0	0.0	1.0	0.0
02GRAY0286	0.0	0.0	0.0	1.0	0.0
02GRAY0296	0.0	0.0	0.0	1.0	0.0
01ALAY1654	0.0	1.0	0.0	0.0	0.0
node_141	0.0	1.0	0.0	0.0	0.0
node_142	4.731603696015592e-13	0.9999999999943833	4.508809380481661e-13	2.2170465824903044e-12	2.475746932100938e-12
node_143	4.731603696015592e-13	0.9999999999943833	4.508809380481661e-13	2.2170465824903044e-12	2.475746932100938e-12
node_144	0.0	1.0	0.0	0.0	0.0
node_145	0.0	1.0	0.0	0.0	0.0
02ALAY1659	0.0	1.0	0.0	0.0	0.0
node_146	7.768843366149799e-08	0.9999990777691297	7.403036284354427e-08	3.640179681432079e-07	4.0649410570700315e-07
99ALAY1712	0.0	1.0	0.0	0.0	0.0
01ALAY1655	0.0	1.0	0.0	0.0	0.0
02ALAY1653	0.0	1.0	0.0	0.0	0.0
node_147	4.504960460670945e-08	0.9999994652210875	4.292837965461174e-08	2.110850323748575e-07	2.3571589584169964e-07
00ALAY1705	0.0	1.0	0.0	0.0	0.0
01ALAY1652	0.0	1.0	0.0	0.0	0.0
node_148	0.0	1.0	0.0	0.0	0.0
node_149	0.0002849836555724818	0.11679205465379734	0.00027156479326685603	0.8811602588893839	0.001491138007979438
02ALAY1698	0.0	1.0	0.0	0.0	0.0
01ALAY1657	0.0	1.0	0.0	0.0	0.0
98ALAY1709	0.0	1.0	0.0	0.0	0.0
node_150	2.9018250964136013e-07	0.9999965552752732	2.7651885186928027e-07	1.3596830644134258e-06	1.518340300982766e-06
02ALAY1711	0.0	1.0	0.0	0.0	0.0
02ALAY1697	0.0	1.0	0.0	0.0	0.0
00GRAF5768	0.0	0.0	0.0	1.0	0.0
00GRAF5754	0.0	0.0	0.0	1.0	0.0
02ALAY1710	0.0	1.0	0.0	0.0	0.0
02ALAY1660	0.0	1.0	0.0	0.0	0.0
